2308:264625,265252,266188,266485,266595,266725,267360,269454,271665,271771,271901,272427,272711,272822
2423:264552,264677,264909,265362,265715,265957,266261,266307,266418,266530,266777,267364,267478,267830,268068,268362,268409,268516,268625,268741,268868,269107,269457,269666,270121,270430,270476,270577,270681,271499,271604,271708,271951,272194,272495,272544,272650,272756,272869
325:264405,264511,265113,265222,265441,266160,266273,266498,267219,267330,267447,267555,268265,268376,268485,268595,268702,269319,269425,269530,269636,270333,270444,270547,270651,271574,271678,272400,272512,272620,272726
826:264503,265891,266596,267651,268691,269728,270742,271769,272820
125:264399,264507,265109,265218,265434,265542,266155,266268,266380,266491,267214,267325,267441,267548,267656,268371,268479,268588,268697,269314,269420,269524,269629,269731,270328,270439,270541,270644,270747,271351,271462,271568,271776,272395,272507,272614,272719
3287:264798,265038,265835,266086,267143,267949,268195,268987,269234,270245,271039,271278,272070,272318
2671:264690,265728,266790,267843,268881,270933,271964
146:264847,265892,266954,268004,269043,270306,271097,272130
3261:264846,265031,265889,266946
2518:264684,264916,265964,267023,267434,267649,267837,268364,268474,268582,268689,269412,269622,269727,270128,270868,271161,271454,271562,271958,272201,272496,272606
782:264842,265883,266949,268001,269040,270308,271093,272123
153:265543,266269,266602,267443,267551,267657,268372,268481,268591,268698,269526,269632,269732,270440,270543,270647,271570,271674,271777,272508,272616,272722
2839:265609,266668,267722,268523,268634,268762,269357,269464,269567,269675,269796,270584,270690,270812,271506,271611,271717,271841,272438,272551,272657,272765
3433:264268
3342:256093
3264:257127
3181:255307
2892:250925
2863:255453,268118
2811:229367
2691:245982
2667:262077
2540:267201,269310,269849,270312
2528:262388,270301
2488:264069
2431:232613
2419:260009
2208:258560