3276:267140
3493:269392,269498,269599,269705,269833,270321
3464:267761
3417:267617
3479:269275,270283,271072,271316
3490:269278,270059,270286,271077,271319
3436:269265,270274,271100,271307
3497:269396,269502,269602,269708,269836,270409,270520,270618,270723,270852
3500:268570,269604,269710,270620,270725
3492:269280,270288
3466:268665,269596,269702,270640,270717
3376:269309,271336
3367:269517,270260,270538
3465:269387,269492,269595,269701,270400,270510,270611,270716
3426:266701,269825,270841
3414:269379,269484,269587,269695,269823,270271,270393,270503,270604,270710,270839,271061,271304
3270:269481,269586,269694,269818,270388,270500,270603,270709,270834
3268:269373,269480,269585,269693,269817,270387,270426,270499,270602,270708,271102,271348
3126:269476,269581,269688,269813,270384,270495,270598,270703,270829
2932:269469,269573,269681,269803,270376,270488,270590,270696,270819
2924:269468,269572,269680,269802,270310,270375,270487,270589,270695,270818,271090,271339
2907:269467,269571,269801,270374,270486,270588,270817
2905:269570,269678,269800,270373,270485,270587,270693,270816
2897:269160,270173,270967,271206
2749:268892,269926,270944
2658:269564,269789,270324,270480,270581,270685,271089,271338
2545:269562,269782,270477,270683,270798
2348:269769,270474,270575,270679,270785
2221:269765,270471,270574,270678,270781
2171:269661,269764,270358,270470,270573,270676,270780
2165:269660,269763,270357,270469
2143:269659,269762,270468,270674,270778
2112:269658,269761,270355,270570,270673,270777
2102:269760,270466,270672,270776
2101:269656,269759,270353,270568,270671,270775
2042:269757,270464,270670,270773
1714:269654,269756,270351,270565,270772
1669:269755,270460,270668,270900,271131
1281:269750,270455,270663,270766
1278:269749,270454,270662,270765
1277:269748,270453,270661,270764
1276:269747,270452,270660,270763
778:269073,270087,270891,271120
776:269642,269742,270449,270657,270758
655:269740,270448,270655,270756
652:269739,270447,270654,270755,270888,271118
529:269068,270082,270886,271115
527:269738,270446,270653,270754
526:269737,270334,270548,270652,270753,270885,271114
77:269730,270437,270643,270746
74:269729,270436,270642,270745