2924:264452,264579,264843,265092,265157,265374,265615,265884,266137,266204,266318
74:264397,264505,265322,265540,266153,266265
3270:264467,264595,265389,265631,266331
2102:264427,264536,265245,265572,266182,266296
2143:264429,264538,265247,265465,265574,266184,266298
2:1327
526:264642,264869,265223,265442,265680,265917
3268:264857,265105,265500,265902,266216,266330
2101:264852,265462,265897,266181,266295
3414:264821,265066,265858,266226,266337
652:264645,264873,265683,266163,266276
529:264643,264870,265918
2897:264724,264962,266010
1669:264657,264886,266177,266290
2749:264701,265739
5:347
4:803