3524
3523
3522
3521
3519
3518
3514
3512
3500
3499
3497
3493
3492
3490
3489
3488
3479
3478
3471
3468
3467
3466
3464
3463
3456
3455
3453
3447
3444
3438
3436
3435
3434
3429
3425
3423
3422
3421
3417
3415
3412
3410
3406
3401
3400
3399
3397
3395
3391
3388
3383
3381
3380
3378
3376
3375
3373
3371
3367
3363
3358
3357
3354
3345
3344
3327
3323
3322
3320
3319
3311
3309
3308
3307
3306
3305
3300
3295
3294
3281
3279
3277
3276
3272
3267
3265
3259
3257
3255
3254
3240
3239
3223
3218
3214
3212
3210
3209
3208
3207
3206
3198
3196
3195
3190
3186
3185
3179
3164
3163
3161
3159
3153
3144
3142
3140
3137
3135
3127
3119
3114
3113
3110
3107
3099
3098
3097
3095
3087
3084
3083
3078
3076
3074
3073
3069
3067
3063
3054
3053
3051
3048
3039
3031
3026
3025
3021
3015
3010
3009
3008
3003
2997
2993
2992
2989
2988
2981
2975
2973
2972
2971
2968
2964
2961
2960
2953
2952
2949
2948
2946
2945
2942
2941
2937
2933
2930
2928
2926
2913
2912
2911
2909
2908
2906
2899
2896
2889
2883
2882
2879
2878
2873
2868
2866
2865
2860
2856
2847
2846
2838
2835
2833
2822
2814
2803
2801
2799
2798
2790
2788
2785
2784
2783
2779
2778
2776
2772
2771
2769
2767
2766
2764
2759
2756
2754
2753
2750
2743
2739
2737
2736
2734
2732
2731
2730
2728
2723
2722
2721
2717
2714
2711
2710
2709
2704
2702
2701
2698
2696
2692
2687
2686
2681
2680
2679
2677
2665
2663
2662
2659
2656
2654
2646
2644
2642
2638
2634
2632
2627
2626
2621
2614
2611
2609
2605
2604
2603
2602
2598
2597
2594
2590
2589
2585
2581
2578
2569
2568
2564
2563
2562
2560
2559
2555
2553
2552
2514
2504
2501
2489
2487
2483
2476
2473
2471
2470
2469
2466
2464
2463
2458
2456
2454
2449
2445
2443
2440
2438
2437
2436
2425
2418
2417
2414
2412
2411
2403
2399
2394
2387
2386
2381
2376
2371
2365
2361
2360
2355
2349
2347
2346
2338
2337
2335
2333
2331
2329
2326
2323
2317
2315
2304
2301
2299
2298
2296
2295
2294
2289
2287
2285
2281
2274
2273
2272
2269
2266
2263
2261
2255
2247
2243
2237
2235
2226
2223
2222
2209
2206
2204
2201
2194
2189
2188
2187
2186
2185
2182
2178
2177
2176
2169
2162
2160
2158
2152
2147
2142
2137
2136
2134
2133
2132
2131
2128
2126
2124
2121
2120
2119
2117
2115
2099
2092
2091
2086
2083
2073
2069
2068
2066
2063
2060
2055
2053
2052
2051
2045
2044
2041
2040
2038
2037
2036
2034
2033
2028
2027
2026
2025
2020
2018
2017
2016
2006
2005
2004
1988
1986
1985
1977
1975
1973
1972
1966
1964
1960
1958
1952
1948
1945
1941
1940
1939
1938
1937
1936
1935
1931
1930
1925
1921
1920
1918
1917
1916
1911
1909
1908
1906
1902
1900
1899
1897
1895
1893
1891
1888
1883
1882
1881
1880
1879
1877
1876
1872
1871
1869
1868
1867
1866
1865
1864
1862
1861
1858
1857
1855
1850
1843
1842
1837
1836
1835
1834
1833
1829
1827
1826
1823
1820
1818
1817
1816
1814
1813
1812
1811
1809
1801
1800
1799
1798
1796
1794
1793
1791
1790
1786
1782
1781
1779
1777
1774
1772
1771
1770
1768
1767
1766
1764
1760
1757
1754
1752
1747
1745
1744
1743
1742
1741
1739
1735
1734
1733
1730
1727
1720
1717
1711
1710
1706
1704
1703
1702
1701
1699
1698
1697
1693
1689
1685
1684
1682
1678
1674
1668
1662
1660
1657
1655
1650
1645
1644
1634
1633
1618
1617
1613
1610
1609
1608
1604
1603
1598
1594
1588
1587
1585
1583
1582
1579
1571
1569
1568
1564
1555
1550
1546
1540
1539
1534
1530
1526
1525
1524
1521
1520
1515
1514
1511
1499
1497
1495
1489
1488
1487
1483
1482
1478
1475
1473
1471
1469
1462
1460
1459
1457
1453
1435
1433
1430
1412
1410
1408
1407
1406
1405
1401
1400
1399
1395
1373
1371
1366
1359
1356
1355
1348
1346
1331
1328
1322
1321
1319
1318
1316
1314
1312
1308
1305
1303
1299
1298
1294
1290
1288
1287
1284
1283
1279
1275
1274
1271
1268
1267
1266
1265
1264
1262
1260
1259
1257
1255
1254
1253
1252
1248
1244
1243
1241
1239
1237
1236
1235
1234
1233
1232
1226
1223
1222
1220
1219
1214
1203
1182
1178
1177
1171
1165
1156
1154
1147
1142
1141
1138
1136
1133
1129
1124
1117
1116
1110
1086
1085
1084
1083
1079
1068
1066
1063
1062
1057
1054
1053
1048
1043
1041
1031
1020
1019
1005
1002
1001
996
980
979
978
967
965
958
946
944
941
930
922
918
907
904
899
897
895
886
885
879
878
874
873
869
868
864
851
848
839
836
834
833
830
829
814
801
788
756
755
751
750
749
748
747
745
740
726
710
709
704
703
702
701
699
678
676
674
673
670
647
642
636
630
622
620
615
612
606
605
604
595
594
593
585
584
582
581
574
570
562
560
558
556
554
552
545
542
540
539
525
519
515
513
507
505
498
497
487
485
480
479
463
459
454
448
446
445
444
430
426
424
423
401
395
391
389
387
384
383
370
349
346
345
342
341
336
335
331
327
319
318
317
315
312
303
300
283
282
280
278
276
274
267
266
262
261
260
259
258
257
253
252
231
230
229
219
218
217
216
215
213
212
210
206
205
201
200
199
198
197
196
195
194
193
192
191
190
189
188
187
186
185
184
183
182
181
180
179
178
177
176
175
174
173
172
155
152
106
95
87
64
42
40
