2944:264626,265665
1181:264521,265122,265230,265340,265450,265557,266169,266281,266396,266507
3094:264585,265163,265272,265380,265492,265621,266210,266323,266436,266549
169:264510,265094,265112,265221,265328,265439,265545,266138,266158,266271,266384,266496
1658:264530,265129,265238,265347,265458,265566,266176,266289,266403,266515
3104:264586,265273,265381,265493,265622,266324,266437,266550
2943:264581,265376,265617,266320,266432,266546
3440:264607,265400,265643,266346,266456,266569
932:264845,265885
2217:264670,265708
1258:264650,265688
413:264840,265882
2836:265480,265896,266199
171:265546,266272,266497
3462:265410,266351,266464
3445:266119
3451:266122
1912:265939
3115:266050
3491:266132
3461:266123
3506:266149
2404:265956
134:266152
3036:266033