2944
1181
3094
169
1658
159
3104
786
2943
3440
932
2217
1258
413
1658
2836
786
3440
171
3462
159
3445
3451
1912
3115
3491
3461
3506
2404
134
3036
3511
3508
3506
3505
3504
3502
3495
3494
3491
3485
3482
3473
3472
3470
3462
3461
3459
3458
3457
3451
3450
3445
3440
3428
3416
3403
3394
3392
3390
3377
3370
3369
3366
3361
3359
3352
3351
3350
3347
3346
3338
3335
3326
3321
3304
3280
3266
3262
3258
3246
3242
3241
3238
3234
3232
3231
3228
3226
3221
3220
3215
3204
3203
3192
3180
3170
3169
3166
3162
3157
3150
3149
3146
3145
3141
3123
3120
3118
3116
3115
3112
3111
3104
3102
3100
3094
3090
3089
3086
3085
3082
3081
3077
3071
3070
3066
3061
3045
3037
3036
3035
3034
3033
3032
3029
3028
3024
3019
3018
3016
3014
3013
2995
2990
2984
2982
2980
2979
2978
2976
2974
2969
2965
2963
2956
2950
2944
2943
2940
2939
2938
2920
2915
2891
2885
2877
2876
2874
2862
2861
2859
2858
2852
2851
2844
2843
2842
2836
2832
2830
2829
2827
2821
2817
2816
2815
2808
2807
2805
2796
2777
2770
2758
2742
2741
2735
2727
2724
2713
2705
2700
2694
2693
2676
2675
2674
2668
2660
2652
2648
2641
2636
2623
2622
2620
2616
2600
2595
2570
2567
2557
2548
2546
2544
2543
2539
2538
2534
2531
2511
2509
2507
2506
2503
2496
2495
2494
2492
2491
2490
2480
2475
2451
2442
2441
2422
2420
2416
2407
2404
2395
2390
2388
2382
2374
2370
2362
2359
2358
2357
2354
2353
2352
2351
2350
2336
2330
2328
2325
2324
2322
2321
2320
2319
2318
2314
2312
2311
2310
2309
2307
2306
2302
2300
2293
2292
2291
2290
2286
2279
2277
2275
2259
2258
2250
2249
2248
2245
2234
2227
2217
2216
2215
2214
2213
2212
2211
2210
2205
2202
