3501:270062,271080,272111
3407:269260
3068:270202,271235,272275
2837:269674,270689,271716,272764
1505:269881,270899,271930
1503:270305,272138
34:268822,271905
3531:270298,270863,271087,271331,271892,272118,272371
3527:270531,270632,270738,270861,271659,271765,271890,272487,272598,272704,272812
3525:269721,270631,270736
3520:270066,272115
3516:269715,270625,270730,271652,271757,272697,272804
3515:269714,270624,270729,271651,271756,272696,272803
3513:270293,271082,271326,272113,272366
3510:270525,270622,270727,271649,271754,272481,272592,272694,272801
3509:270524,271437,271547,272480,272591
3507:270523,270621,270726,270854,271435,271546,271648,271753,271883
3503:268244
3498:270521,271433,271544,272477,272589
3496:270519,271542,272475,272587
3486:270284,272106,272357
3481:265656
3475:268560
3474:268342
3469:270051,271875
3460:265647
3454:267518
3449:269827,271872
3448:266572
3442:266570
3441:265296
3439:268442
3405:266224
3348:269245,272328
3040:270325,272386
2857:269677,270586,270692,271613,271719,272659,272767
404:269865,270883,271914
3523:270529,270629,270734,270859,271656,271761,271888,272485,272596,272701,272808
3522:270628,270733,270858,271655,271760,272484,272700,272807
3521:270295,271328,272116,272141,272368
3519:270294,271083,271327,272114,272367
3514:270526,270623,270728,270856,271439,271549,271650,271755
3500:269710,270620,270725,271647,271752,272693,272800
3499:270522,270619,270724,270853,271434,271545,271646,271751,271882,272478,272590,272692,272799
3497:270520,270618,270723,270852,271432,271543,271645,271750,271881,272476,272588,272691,272798
3493:270321,272131,272385
3492:270288,272110
3490:270286,271077,271319,272108,272359
3489:270285
3488:268348
3479:270283,271072,271316,272103,272356
3471:270281,271071,271314,272102,272354
3466:269702,270640,270717,271458,271565,271639,271744,271902,272610,272685,272792
3464:267761
3463:266707
3456:265193
3455:269828,270609,270844,271636,271741,272682,272789
3453:270535,271453,271561,271664,271768,271897,272493,272605,272818
3447:270507,270608,270713,270869,271420,271530,271635,271899,272464,272575,272681,272788
3444:270275,271063,271308,272094,272348
3436:270274,271100,271307,272137,272347
3435:267973
3425:267620
3417:267617
3412:269261
3410:267506
3401:266947
3400:270268,271059,271449,272090,272341
3376:269309,271336,272390,272501
3367:270538,271558,272500,272611
3295:270389
3276:267140