3501
3483
3407
3298
3273
3201
3194
3068
3050
3044
3001
3044
3001
2955
2903
2888
2886
2837
2715
2689
2684
2664
2624
2596
2592
2510
2502
2500
2499
2493
2460
2452
2432
2408
2391
2389
2377
2375
2368
2367
2356
2278
2264
2251
2246
2183
2180
2174
2173
2166
2163
2146
2135
2125
2123
2077
2029
2000
1989
1987
1947
1903
1887
1859
1819
1804
1775
1804
1775
1762
1755
1737
1676
1647
1646
1615
1646
1615
1607
1565
1510
1505
1510
1505
1503
1472
1461
1455
1454
1419
1415
1368
1354
1347
1336
1333
1324
1293
1249
1246
1221
1208
1200
1197
1196
1146
1118
1105
1094
1093
1080
1076
1046
1036
938
934
927
916
911
908
892
846
845
835
825
812
792
787
771
737
734
719
697
687
677
665
637
609
603
609
603
559
555
543
538
533
528
512
476
472
465
428
392
386
333
324
143
62
39
38
37
34
33
32
31
30
29
28
27
26
19
16
12
16
12
10
3531
3528
3527
3525
3520
3517
3516
3515
3513
3510
3509
3507
3503
3498
3496
3487
3486
3484
3481
3480
3476
3475
3474
3469
3460
3454
3452
3449
3448
3442
3441
3439
3437
3432
3431
3427
3424
3420
3419
3418
3413
3411
3409
3405
3404
3398
3396
3393
3389
3387
3386
3385
3384
3382
3379
3374
3372
3368
3365
3364
3362
3360
3356
3355
3353
3348
3343
3341
3340
3337
3336
3334
3333
3332
3331
3330
3329
3328
3325
3324
3318
3317
3316
3315
3313
3312
3303
3302
3301
3297
3296
3293
3292
3291
3290
3289
3288
3286
3285
3284
3283
3278
3275
3274
3271
3269
3263
3256
3252
3251
3245
3243
3237
3236
3235
3230
3229
3227
3225
3224
3222
3219
3217
3216
3213
3211
3205
3202
3200
3199
3197
3193
3191
3188
3182
3177
3176
3175
3174
3173
3172
3171
3168
3167
3160
3158
3156
3155
3152
3151
3148
3147
3143
3139
3134
3133
3132
3131
3129
3128
3125
3124
3122
3121
3109
3108
3106
3105
3103
3101
3096
3093
3092
3091
3088
3080
3079
3072
3064
3062
3059
3058
3055
3049
3047
3046
3043
3042
3041
3040
3038
3030
3027
3023
3022
3020
3017
3012
3011
3007
3006
3005
3004
3002
3000
2999
2998
2996
2994
2991
2987
2986
2985
2977
2970
2966
2962
2959
2957
2954
2951
2947
2936
2935
2934
2931
2929
2923
2922
2921
2919
2918
2917
2916
2914
2910
2904
2902
2901
2900
2898
2895
2894
2893
2890
2887
2884
2881
2880
2875
2872
2871
2870
2869
2867
2864
2857
2855
2854
2853
2850
2849
2845
2841
2840
2831
2828
2825
2824
2823
2818
2813
2812
2810
2809
2806
2804
2802
2800
2794
2793
2792
2791
2789
2787
2786
2781
2774
2773
2768
2765
2763
2762
2761
2757
2755
2752
2751
2748
2747
2746
2745
2744
2740
2738
2733
2729
2726
2725
2720
2719
2718
2716
2712
2708
2707
2703
2699
2697
2695
2690
2688
2685
2683
2682
2672
2670
2661
2655
2653
2651
2650
2649
2647
2645
2635
2633
2630
2629
2628
2617
2615
2613
2612
2610
2608
2607
2606
2599
2593
2591
2588
2587
2586
2584
2583
2582
2580
2579
2576
2574
2573
2572
2565
2561
2554
2550
2547
2533
2527
2526
2525
2513
2512
2508
2498
2497
2486
2485
2481
2479
2478
2477
2474
2472
2468
2467
2465
2461
2459
2457
2448
2447
2444
2439
2435
2434
2433
2430
2426
2424
2421
2415
2410
2409
2406
2405
2402
2401
2397
2396
2393
2392
2385
2384
2383
2380
2379
2378
2373
2372
2369
2364
2363
2345
2344
2343
2342
2341
2340
2339
2334
2332
2316
2313
2305
2303
2297
2288
2283
2282
2280
2271
2270
2265
2260
2256
2254
2253
2252
2244
2242
2241
2240
2239
2238
2233
2232
2230
2229
2228
2225
2224
2220
2207
2203
2197
2196
2193
2192
2191
2184
2175
2172
2170
2168
2167
2164
2161
2159
2155
2154
2150
2149
2148
2145
2140
2139
2127
2122
2118
2116
2114
2113
2110
2109
2107
2105
2098
2097
2096
2093
2090
2088
2087
2085
2084
2081
2078
2074
2072
2064
2061
2059
2058
2057
2056
2054
2050
2049
2047
2046
2035
2032
2031
2030
2024
2023
2021
2019
2014
2013
2012
2011
2010
2009
2003
2002
2001
1998
1997
1996
1995
1991
1983
1981
1974
1971
1969
1967
1963
1962
1961
1957
1955
1954
1953
1951
1950
1949
1944
1934
1932
1927
1926
1923
1919
1910
1907
1904
1901
1892
1889
1886
1885
1884
1878
1870
1863
1860
1851
1849
1847
1846
1845
1844
1841
1839
1838
1832
1831
1830
1824
1822
1815
1803
1802
1797
1795
1792
1788
1784
1783
1780
1778
1763
1761
1759
1758
1756
1753
1751
1750
1749
1748
1740
1738
1736
1731
1729
1724
1723
1718
1713
1712
1696
1691
1688
1687
1686
1681
1680
1664
1649
1643
1642
1641
1640
1639
1637
1630
1629
1619
1616
1614
1612
1606
1605
1595
1593
1590
1578
1573
1567
1563
1558
1557
1556
1553
1551
1549
1545
1544
1538
1529
1527
1522
1518
1516
1513
1512
1509
1504
1502
1501
1498
1490
1481
1480
1474
1470
1468
1467
1466
1465
1464
1463
1449
1448
1438
1431
1429
1427
1425
1423
1414
1409
1403
1402
1397
1385
1381
1377
1376
1375
1374
1372
1367
1345
1342
1341
1334
1332
1330
1329
1326
1315
1309
1297
1296
1292
1291
1285
1270
1261
1256
1251
1245
1242
1238
1229
1228
1227
1216
1215
1213
1211
1210
1209
1207
1202
1189
1183
1180
1176
1175
1172
1168
1164
1163
1162
1161
1160
1158
1157
1153
1152
1151
1149
1144
1139
1137
1135
1132
1131
1130
1121
1120
1114
1112
1111
1107
1104
1101
1099
1098
1096
1095
1092
1090
1089
1087
1081
1077
1073
1072
1070
1065
1064
1060
1058
1056
1055
1052
1051
1050
1049
1047
1042
1040
1038
1035
1034
1033
1030
1024
1023
1018
1017
1016
1012
1011
1010
1009
1004
1000
998
997
995
994
991
989
985
983
981
975
974
966
963
962
959
954
950
949
948
947
943
925
917
915
914
910
909
906
905
903
901
900
898
896
894
891
890
889
884
882
881
880
876
875
872
867
866
865
861
858
856
855
854
852
849
847
841
840
831
810
808
807
800
799
797
796
789
784
773
772
769
768
767
765
762
760
757
746
741
739
731
729
727
725
724
722
721
718
717
713
708
705
700
693
686
684
682
679
675
668
667
663
648
645
644
635
625
619
608
607
534
504
404
92
3524
3523
3522
3523
3522
3521
3519
3518
3514
3512
3500
3499
3497
3493
3492
3490
3489
3488
3479
3478
3471
3468
3467
3466
3464
3463
3456
3455
3453
3447
3444
3447
3444
3438
3436
3435
3434
3429
3434
3429
3425
3423
3422
3421
3417
3415
3412
3410
3406
3401
3400
3399
3397
3395
3391
3388
3383
3381
3380
3378
3376
3375
3373
3371
3367
3363
3358
3357
3354
3345
3344
3327
3323
3322
3320
3319
3311
3309
3308
3307
3306
3305
3300
3295
3294
3281
3279
3277
3276
3272
3267
3265
3259
3257
3255
3254
3240
3239
3223
3218
3214
3212
3210
3209
3208
3207
3206
3198
3196
3195
3190
3186
3185
3179
3164
3163
3161
3159
3153
3144
3142
3140
3137
3135
3127
3119
3114
3113
3110
3107
3099
3098
3097
3095
3087
3084
3083
3078
3076
3074
3073
3069
3067
3063
3054
3053
3051
3048
3039
3031
3026
3025
3021
3015
3010
3009
3008
3003
2997
2993
2992
2989
2988
2981
2975
2973
2972
2971
2968
2964
2961
2960
2953
2952
2949
2948
2946
2945
2942
2941
2937
2933
2930
2928
2926
2913
2912
2911
2909
2908
2906
2899
2896
2889
2883
2882
2879
2878
2873
2868
2866
2865
2860
2856
2847
2846
2838
2835
2833
2822
2814
2803
2801
2799
2798
2790
2788
2785
2784
2783
2779
2778
2776
2772
2771
2769
2767
2766
2764
2759
2756
2754
2753
2750
2743
2739
2737
2736
2734
2732
2731
2730
2728
2723
2722
2721
2717
2714
2711
2710
2709
2704
2702
2701
2698
2696
2692
2687
2686
2681
2680
2679
2677
2665
2663
2662
2659
2656
2654
2646
2644
2642
2638
2634
2632
2627
2626
2621
2614
2611
2609
2605
2604
2603
2602
2598
2597
2594
2590
2589
2585
2581
2578
2569
2568
2564
2563
2562
2560
2559
2555
2553
2552
2514
2504
2501
2489
2487
2483
2476
2473
2471
2470
2469
2466
2464
2463
2458
2456
2454
2449
2445
2443
2440
2438
2437
2436
2425
2418
2417
2414
2412
2411
2403
2399
2394
2387
2386
2381
2376
2371
2365
2361
2360
2355
2349
2347
2346
2338
2337
2335
2333
2331
2329
2326
2323
2317
2315
2304
2301
2299
2298
2296
2295
2294
2289
2287
2285
2281
2274
2273
2272
2269
2266
2263
2261
2255
2247
2243
2237
2235
2226
2223
2222
2209
2206
2204
2201
2194
2189
2188
2187
2186
2185
2182
2178
2177
2176
2169
2162
2160
2158
2152
2147
2142
2137
2136
2134
2133
2132
2131
2128
2126
2124
2121
2120
2119
2117
2115
2099
2092
2091
2086
2083
2073
2069
2068
2066
2063
2060
2055
2053
2052
2051
2045
2044
2041
2040
2038
2037
2036
2034
2033
2028
2027
2026
2025
2020
2018
2017
2016
2006
2005
2004
1988
1986
1985
1977
1975
1973
1972
1966
1964
1960
1958
1952
1948
1945
1941
1940
1939
1938
1937
1936
1935
1931
1930
1925
1921
1920
1918
1917
1916
1911
1909
1908
1906
1902
1900
1899
1897
1895
1893
1891
1888
1883
1882
1881
1880
1879
1877
1876
1872
1871
1869
1868
1867
1866
1865
1864
1862
1861
1858
1857
1855
1850
1843
1842
1837
1836
1835
1834
1833
1829
1827
1826
1823
1820
1818
1817
1816
1814
1813
1812
1811
1809
1801
1800
1799
1798
1796
1794
1793
1791
1790
1786
1782
1781
1779
1777
1774
1772
1771
1770
1768
1767
1766
1764
1760
1757
1754
1752
1747
1745
1744
1743
1742
1741
1739
1735
1734
1733
1730
1727
1720
1717
1711
1710
1706
1704
1703
1702
1701
1699
1698
1697
1693
1689
1685
1684
1682
1678
1674
1668
1662
1660
1657
1655
1650
1645
1644
1634
1633
1618
1617
1613
1610
1609
1608
1604
1603
1598
1594
1588
1587
1585
1583
1582
1579
1571
1569
1568
1564
1555
1550
1546
1540
1539
1534
1530
1526
1525
1524
1521
1520
1515
1514
1511
1499
1497
1495
1489
1488
1487
1483
1482
1478
1475
1473
1471
1469
1462
1460
1459
1457
1453
1435
1433
1430
1412
1410
1408
1407
1406
1405
1401
1400
1399
1395
1373
1371
1366
1359
1356
1355
1348
1346
1331
1328
1322
1321
1319
1318
1316
1314
1312
1308
1305
1303
1299
1298
1294
1290
1288
1287
1284
1283
1279
1275
1274
1271
1268
1267
1266
1265
1264
1262
1260
1259
1257
1255
1254
1253
1252
1248
1244
1243
1241
1239
1237
1236
1235
1234
1233
1232
1226
1223
1222
1220
1219
1214
1203
1182
1178
1177
1171
1165
1156
1154
1147
1142
1141
1138
1136
1133
1129
1124
1117
1116
1110
1086
1085
1084
1083
1079
1068
1066
1063
1062
1057
1054
1053
1048
1043
1041
1031
1020
1019
1005
1002
1001
996
980
979
978
967
965
958
946
944
941
930
922
918
907
904
899
897
895
886
885
879
878
874
873
869
868
864
851
848
839
836
834
833
830
829
814
801
788
756
755
751
750
749
748
747
745
740
726
710
709
704
703
702
701
699
678
676
674
673
670
647
642
636
630
622
620
615
612
606
605
604
595
594
593
585
584
582
581
574
570
562
560
558
556
554
552
545
542
540
539
525
519
515
513
507
505
498
497
487
485
480
479
463
459
454
448
446
445
444
430
426
424
423
401
395
391
389
387
384
383
370
349
346
345
342
341
336
335
331
327
319
318
317
315
312
303
300
283
282
280
278
276
274
267
266
262
261
260
259
258
257
253
252
231
230
229
219
218
217
216
215
213
212
210
206
205
201
200
199
198
197
196
195
194
193
192
191
190
189
188
187
186
185
184
183
182
181
180
179
178
177
176
177
176
175
174
173
172
155
152
106
95
87
64
42
40
42
4
