2200
2199
2198
2195
2190
2179
2157
2156
2151
2144
2141
2138
2129
2111
2108
2104
2094
2089
2079
2076
2075
2071
2070
2062
2043
2039
1999
1994
1993
1982
1980
1979
1978
1976
1970
1965
1943
1942
1933
1928
1924
1922
1915
1914
1912
1905
1894
1890
1875
1874
1856
1853
1852
1840
1821
1810
1808
1807
1806
1805
1787
1773
1769
1728
1726
1722
1719
1716
1709
1708
1707
1705
1700
1695
1692
1690
1683
1679
1677
1673
1672
1671
1670
1667
1666
1665
1663
1661
1659
1658
1656
1654
1653
1652
1651
1635
1628
1627
1626
1624
1623
1622
1621
1620
1611
1600
1599
1597
1592
1584
1580
1576
1575
1574
1562
1559
1554
1552
1542
1541
1537
1536
1532
1531
1517
1507
1506
1500
1496
1493
1492
1491
1485
1484
1477
1476
1456
1452
1451
1450
1442
1439
1436
1434
1432
1424
1421
1420
1418
1417
1413
1411
1404
1398
1394
1393
1390
1389
1388
1387
1386
1383
1382
1380
1379
1378
1370
1365
1364
1358
1352
1351
1350
1344
1343
1340
1339
1338
1335
1317
1313
1311
1310
1306
1304
1302
1301
1300
1280
1273
1263
1258
1250
1247
1230
1224
1218
1212
1206
1205
1204
1201
1199
1198
1195
1194
1193
1192
1191
1187
1186
1181
1174
1173
1167
1166
1148
1134
1127
1123
1122
1108
1100
1082
1078
1075
1074
1059
1028
1022
1014
1006
987
984
982
977
973
972
970
969
960
937
935
933
932
931
929
928
926
924
923
920
919
913
893
883
877
871
870
862
857
853
842
832
827
806
805
795
791
790
786
783
779
775
733
730
698
695
694
688
681
680
672
669
666
661
659
654
651
649
646
640
638
634
633
632
624
616
614
613
601
599
580
577
572
550
549
535
532
511
489
477
474
473
470
453
413
405
403
376
374
362
357
351
343
338
334
332
320
311
305
268
263
247
246
238
236
235
225
224
223
171
169
168
164
163
162
159
157
150
149
148
147
145
144
14
135
134
133
131
127
126
121
119
118
117
107
105
94
93
91
90
88
84
83
82
81
76
70
67
65
63
61
60
59
58
57
56
55
54
53
51
50
49
48
47
46
45
44
43
